43 116
1 2
2 3
3 1
1 4
2 4
3 4
1 5
2 5
4 5
2 6
5 6
1 7
2 7
6 7
5 8
2 8
6 8
5 9
6 9
4 10
2 10
5 10
2 11
10 11
5 12
2 12
10 12
4 13
5 13
10 13
1 14
4 14
5 14
1 15
4 15
14 15
5 16
4 16
14 16
1 17
5 17
14 17
3 18
2 18
4 18
2 19
18 19
3 20
2 20
19 20
18 21
2 21
19 21
3 22
18 22
19 22
4 23
2 23
18 23
4 24
2 24
23 24
18 25
2 25
23 25
4 26
18 26
23 26
3 27
4 27
18 27
3 28
4 28
27 28
18 29
4 29
27 29
3 30
18 30
27 30
1 31
3 31
4 31
1 32
3 32
31 32
1 33
3 33
32 33
31 34
3 34
32 34
1 35
32 35
4 36
3 36
31 36
4 37
3 37
36 37
31 38
3 38
36 38
4 39
31 39
36 39
1 40
4 40
31 40
1 41
4 41
40 41
31 42
4 42
40 42
31 43
