124 327
1 2
2 3
3 1
1 4
2 4
3 4
1 5
2 5
4 5
1 6
2 6
5 6
1 7
2 7
6 7
2 8
7 8
2 9
7 9
1 10
6 10
7 10
5 11
2 11
6 11
5 12
2 12
11 12
6 13
2 13
5 14
6 14
11 14
5 15
6 15
1 16
5 16
15 16
6 17
5 17
15 17
1 18
6 18
15 18
4 19
2 19
5 19
4 20
19 20
4 21
2 21
20 21
19 22
20 22
4 23
19 23
20 23
2 24
19 24
5 25
2 25
19 26
2 26
24 26
5 27
19 27
24 27
4 28
5 28
19 28
4 29
5 29
28 29
19 30
5 30
28 30
4 31
19 31
28 31
1 32
4 32
5 32
1 33
4 33
32 33
1 34
4 34
33 34
4 35
33 35
1 36
32 36
33 36
5 37
4 37
32 37
5 38
4 38
37 38
32 39
4 39
37 39
5 40
32 40
37 40
1 41
5 41
1 42
5 42
41 42
32 43
5 43
41 43
1 44
32 44
41 44
3 45
2 45
4 45
3 46
2 46
46 47
3 48
2 48
46 49
2 49
3 50
46 50
47 50
45 51
2 51
46 51
45 52
2 52
51 52
46 53
51 53
46 54
51 54
3 55
45 55
46 55
3 56
45 56
46 57
45 57
55 57
46 58
55 58
4 59
2 59
45 59
2 60
59 60
4 61
2 61
60 61
59 62
2 62
60 62
59 63
60 63
45 64
2 64
45 65
59 66
2 66
45 67
59 67
64 67
4 68
45 68
59 68
45 69
68 69
45 70
68 70
4 71
59 71
68 71
3 72
4 72
45 72
3 73
4 73
72 73
3 74
4 74
73 74
72 75
4 75
73 75
3 76
72 76
73 76
45 77
4 77
72 77
45 78
4 78
77 78
72 79
4 79
77 79
45 80
72 80
77 80
45 81
72 81
3 82
45 82
81 82
72 83
81 83
3 84
81 84
1 85
3 85
4 85
1 86
3 86
85 86
1 87
3 87
86 87
3 88
87 88
86 89
3 89
87 89
86 90
87 90
85 91
3 91
86 91
85 92
3 92
91 92
86 93
3 93
91 93
85 94
86 94
1 95
85 95
86 95
1 96
85 96
95 96
86 97
85 97
95 97
1 98
86 98
4 99
3 99
85 99
4 100
3 100
99 100
4 101
3 101
100 101
99 102
3 102
100 102
4 103
99 103
100 103
85 104
3 104
99 104
85 105
3 105
104 105
99 106
3 106
104 106
85 107
99 107
104 107
4 108
85 108
99 108
4 109
85 109
108 109
99 110
85 110
108 110
4 111
99 111
108 111
1 112
4 112
85 112
1 113
4 113
112 113
1 114
4 114
113 114
112 115
4 115
113 115
1 116
112 116
113 116
85 117
112 117
85 118
4 118
117 118
4 119
117 119
85 120
117 120
1 121
85 121
112 121
1 122
85 122
121 122
85 123
121 123
1 124
121 124
