367 969
2 3
1 4
3 4
1 5
2 5
4 5
1 6
2 6
5 6
1 7
2 7
6 7
2 8
1 9
2 9
8 9
7 10
2 10
7 11
8 11
6 12
2 12
7 12
12 13
7 14
2 14
12 14
6 15
7 15
7 16
1 17
6 17
16 17
7 18
6 18
16 18
1 19
7 19
16 19
5 20
2 20
6 20
5 21
2 21
20 21
5 22
20 23
2 23
21 23
5 24
20 24
21 24
2 25
6 26
2 26
25 26
20 27
25 27
6 28
20 28
25 28
5 29
6 29
20 29
5 30
6 30
29 30
20 31
6 31
29 31
5 32
29 32
1 33
5 33
6 33
1 34
5 34
33 34
1 35
5 35
34 35
33 36
5 36
34 36
1 37
33 37
34 37
6 38
5 38
33 38
6 39
5 39
38 39
33 40
5 40
38 40
6 41
33 41
38 41
1 42
6 42
33 42
1 43
6 43
42 43
33 44
6 44
42 44
1 45
33 45
42 45
4 46
5 46
4 47
2 47
46 47
4 48
47 48
4 49
2 49
48 49
47 50
2 50
48 50
47 51
46 52
47 52
46 53
2 53
52 53
47 54
52 54
46 55
47 55
52 55
4 56
46 56
47 56
4 57
46 57
56 57
47 58
4 59
47 59
56 59
5 60
2 60
46 60
5 61
2 61
60 61
5 62
2 62
61 62
60 63
2 63
61 63
5 64
60 64
61 64
46 65
2 65
60 65
46 66
2 66
65 66
60 67
2 67
65 67
46 68
60 68
65 68
5 69
46 69
5 70
46 70
69 70
60 71
46 71
69 71
5 72
60 72
69 72
4 73
5 73
46 73
4 74
5 74
73 74
4 75
5 75
74 75
73 76
5 76
74 76
73 77
46 78
5 78
73 78
46 79
5 79
78 79
73 80
5 80
78 80
46 81
73 81
78 81
4 82
46 82
4 83
46 83
82 83
73 84
46 84
82 84
4 85
73 85
1 86
4 86
5 86
1 87
4 87
86 87
1 88
4 88
87 88
1 89
4 89
88 89
87 90
4 90
88 90
1 91
87 91
88 91
86 92
4 92
87 92
86 93
4 93
92 93
87 94
4 94
86 95
92 95
86 96
87 96
1 97
86 97
96 97
87 98
86 98
96 98
1 99
87 99
96 99
5 100
4 100
86 100
5 101
4 101
100 101
4 102
101 102
100 103
101 103
5 104
100 104
101 104
86 105
4 105
100 105
86 106
4 106
105 106
4 107
105 107
86 108
100 108
86 109
100 109
5 110
86 110
100 111
86 111
109 111
5 112
100 112
109 112
1 113
5 113
86 113
5 114
113 114
1 115
5 115
113 116
5 116
114 116
1 117
113 117
114 117
5 118
113 118
86 119
5 119
118 119
5 120
118 120
113 121
118 121
1 122
86 122
113 122
1 123
86 123
122 123
113 124
86 124
122 124
1 125
113 125
122 125
4 126
3 127
2 127
126 127
3 128
2 128
127 128
3 129
2 129
128 129
3 130
2 130
129 130
128 131
2 131
129 131
3 132
128 132
129 132
127 133
2 133
128 133
127 134
2 134
128 135
2 135
133 135
128 136
133 136
3 137
127 137
128 137
3 138
127 138
137 138
128 139
127 139
137 139
3 140
128 140
137 140
126 141
127 141
126 142
2 142
126 143
2 143
141 144
2 144
142 144
126 145
142 145
127 146
2 146
141 146
127 147
2 147
146 147
141 148
2 148
146 148
127 149
141 149
146 149
126 150
127 150
127 151
141 152
127 152
126 153
141 153
150 153
3 154
126 154
127 154
3 155
126 155
154 155
3 156
126 156
155 156
154 157
126 157
155 157
3 158
155 158
127 159
126 159
154 159
127 160
159 160
154 161
126 161
159 161
127 162
154 162
159 162
3 163
127 163
154 163
3 164
127 164
163 164
154 165
127 165
163 165
154 166
163 166
4 167
2 167
126 167
4 168
2 168
167 168
4 169
2 169
168 169
4 170
2 170
168 171
4 172
168 172
2 173
168 173
167 174
2 174
173 174
168 175
2 175
173 175
167 176
168 176
173 176
4 177
167 177
168 177
4 178
167 178
177 178
168 179
177 179
4 180
168 180
177 180
126 181
2 181
167 181
126 182
2 182
181 182
126 183
2 183
182 183
181 184
2 184
182 184
126 185
181 185
182 185
2 186
181 186
167 187
2 187
186 187
181 188
2 188
186 188
167 189
181 189
186 189
126 190
167 190
181 190
126 191
167 191
190 191
181 192
167 192
190 192
126 193
190 193
4 194
167 194
4 195
126 195
194 195
4 196
195 196
194 197
126 197
194 198
195 198
167 199
126 199
194 199
167 200
126 200
194 201
126 201
199 201
167 202
194 202
199 202
4 203
167 203
194 203
4 204
167 204
203 204
194 205
203 205
4 206
194 206
3 207
4 207
126 207
3 208
207 208
3 209
4 209
208 209
3 210
4 210
209 210
208 211
4 211
209 211
3 212
208 212
209 212
207 213
4 213
208 213
207 214
4 214
213 214
208 215
4 215
213 215
207 216
208 216
213 216
3 217
207 217
3 218
207 218
217 218
208 219
207 219
217 219
3 220
208 220
217 220
126 221
4 221
207 221
126 222
4 222
221 222
126 223
4 223
222 223
221 224
4 224
222 224
126 225
221 225
222 225
207 226
4 226
221 226
207 227
4 227
226 227
221 228
4 228
226 228
207 229
221 229
226 229
126 230
207 230
126 231
207 231
230 231
221 232
230 232
126 233
221 233
230 233
3 234
207 234
3 235
126 235
234 235
126 236
235 236
234 237
126 237
235 237
3 238
234 238
235 238
207 239
234 239
207 240
126 240
239 240
234 241
239 241
207 242
234 242
3 243
207 243
234 243
3 244
207 244
243 244
234 245
207 245
243 245
3 246
234 246
243 246
1 248
3 248
247 248
1 249
3 249
248 249
1 250
3 250
1 251
3 251
250 251
249 252
3 252
250 252
1 253
249 253
250 253
248 254
3 254
249 254
248 255
3 255
254 255
249 256
3 256
254 256
248 257
254 257
1 258
249 258
248 259
258 259
249 260
248 260
258 260
1 261
249 261
247 262
3 262
247 263
3 263
262 263
247 264
263 264
262 265
3 265
263 265
247 266
263 266
248 267
3 267
262 267
248 268
267 268
3 269
267 269
248 270
262 270
267 270
248 271
247 272
248 272
271 272
262 273
248 273
271 273
247 274
262 274
271 274
1 275
247 275
248 275
247 276
275 276
1 277
247 277
276 277
275 278
247 278
276 278
1 279
275 279
276 279
248 280
247 280
275 280
248 281
247 281
280 281
275 282
247 282
280 282
248 283
275 283
280 283
248 284
275 284
1 285
248 285
284 285
275 286
284 286
1 287
275 287
284 287
4 288
3 288
247 288
4 289
3 289
288 289
4 290
3 290
289 290
4 291
3 291
290 291
289 292
3 292
290 292
4 293
289 293
290 293
288 294
3 294
289 294
288 295
294 295
3 296
294 296
288 297
289 297
294 297
4 298
288 298
289 298
4 299
288 299
289 300
288 300
298 300
4 301
289 301
298 301
247 302
3 302
288 302
302 303
247 304
3 304
303 304
302 305
3 305
303 305
247 306
302 306
303 306
288 307
3 307
302 307
288 308
3 308
307 308
302 309
3 309
307 309
288 310
302 310
307 310
247 311
288 311
302 311
247 312
288 312
311 312
302 313
288 313
311 313
247 314
302 314
311 314
4 315
247 315
4 316
247 316
315 316
4 317
316 317
315 318
247 318
316 318
4 319
315 319
316 319
288 320
247 320
315 320
288 321
247 321
320 321
315 322
247 322
320 322
288 323
315 323
320 323
4 324
288 324
315 324
4 325
288 325
324 325
288 326
324 326
4 327
324 327
1 328
4 328
247 328
1 329
4 329
1 330
4 330
329 330
1 331
4 331
330 331
329 332
4 332
330 332
1 333
330 333
328 334
4 334
329 334
328 335
4 335
329 336
334 336
328 337
329 337
334 337
1 339
328 339
338 339
329 340
328 340
338 340
1 341
329 341
338 341
247 342
4 342
328 342
247 343
4 343
342 343
4 344
343 344
342 345
4 345
343 345
342 346
328 347
4 347
342 347
328 348
347 348
342 349
4 349
347 349
328 350
342 350
347 350
328 351
342 351
247 352
328 352
351 352
328 353
351 353
247 354
342 354
1 355
247 355
328 355
1 356
247 356
355 356
1 357
247 357
356 357
355 358
247 358
356 358
1 359
355 359
356 359
328 360
247 360
355 360
328 361
247 361
360 361
355 362
360 362
328 363
355 363
360 363
1 364
328 364
355 364
1 365
328 365
364 365
355 366
328 366
364 366
1 367
355 367
364 367
