41 117
1 2
2 3
3 1
1 4
2 4
3 4
1 5
2 5
4 5
1 6
2 6
5 6
1 7
2 7
6 7
5 8
2 8
6 8
1 9
5 9
6 9
4 10
2 10
5 10
4 11
2 11
10 11
5 12
2 12
10 12
4 13
5 13
10 13
1 14
4 14
5 14
1 15
4 15
14 15
5 16
4 16
14 16
3 17
2 17
4 17
3 18
2 18
17 18
3 19
2 19
18 19
17 20
2 20
18 20
4 21
2 21
17 21
4 22
2 22
21 22
17 23
2 23
21 23
4 24
17 24
21 24
3 25
4 25
17 25
3 26
4 26
25 26
17 27
4 27
25 27
3 28
17 28
25 28
1 29
3 29
4 29
1 30
3 30
29 30
1 31
3 31
30 31
29 32
3 32
30 32
1 33
29 33
30 33
4 34
3 34
29 34
4 35
3 35
34 35
29 36
3 36
34 36
4 37
29 37
34 37
1 38
4 38
29 38
1 39
4 39
38 39
29 40
4 40
38 40
1 41
29 41
38 41
