115 320
1 2
2 3
3 1
1 4
2 4
3 4
1 5
2 5
4 5
1 6
2 6
5 6
1 7
2 7
6 7
1 8
2 8
7 8
1 9
6 9
7 9
5 10
2 10
6 10
5 11
2 11
10 11
6 12
2 12
10 12
5 13
6 13
10 13
1 14
5 14
6 14
1 15
5 15
14 15
6 16
5 16
14 16
1 17
6 17
14 17
4 18
2 18
5 18
4 19
2 19
18 19
4 20
2 20
19 20
18 21
2 21
19 21
4 22
18 22
19 22
5 23
2 23
18 23
5 24
2 24
23 24
18 25
2 25
23 25
5 26
18 26
23 26
4 27
5 27
18 27
4 28
5 28
27 28
18 29
5 29
27 29
4 30
18 30
27 30
1 31
4 31
5 31
1 32
4 32
31 32
1 33
4 33
32 33
31 34
4 34
32 34
1 35
31 35
32 35
5 36
4 36
31 36
31 37
4 37
36 37
5 38
31 38
36 38
1 39
5 39
31 39
1 40
5 40
39 40
31 41
5 41
39 41
1 42
31 42
39 42
3 43
2 43
4 43
3 44
2 44
43 44
3 45
2 45
44 45
44 46
2 46
45 46
3 47
44 47
45 47
43 48
2 48
44 48
43 49
2 49
48 49
44 50
2 50
48 50
43 51
44 51
48 51
3 52
43 52
44 52
3 53
43 53
52 53
44 54
43 54
52 54
3 55
44 55
52 55
4 56
2 56
43 56
4 57
2 57
56 57
56 58
2 58
57 58
4 59
56 59
57 59
43 60
2 60
56 60
43 61
2 61
60 61
56 62
2 62
60 62
43 63
56 63
60 63
4 64
43 64
56 64
4 65
43 65
64 65
56 66
43 66
64 66
4 67
56 67
64 67
3 68
4 68
43 68
3 69
4 69
68 69
3 70
4 70
69 70
3 71
68 71
69 71
43 72
4 72
68 72
43 73
4 73
72 73
68 74
4 74
72 74
43 75
68 75
72 75
3 76
43 76
68 76
3 77
43 77
76 77
68 78
43 78
76 78
3 79
68 79
76 79
1 80
3 80
1 81
3 81
80 81
80 82
3 82
81 82
1 83
80 83
81 83
3 84
80 84
3 85
84 85
80 86
3 86
84 86
80 87
84 87
1 88
80 88
80 89
88 89
1 90
80 90
88 90
4 91
3 91
4 92
3 92
91 92
4 93
3 93
92 93
91 94
3 94
92 94
4 95
91 95
92 95
3 96
91 96
3 97
96 97
91 98
3 98
96 98
91 99
96 99
4 100
91 100
91 101
100 101
4 102
91 102
100 102
1 103
4 103
1 104
4 104
103 104
1 105
4 105
104 105
103 106
4 106
104 106
1 107
103 107
104 107
4 108
103 108
4 109
108 109
103 110
4 110
108 110
103 111
108 111
1 112
103 112
1 113
112 113
103 114
112 114
1 115
103 115
112 115
