342 862
1 2
2 3
3 1
1 4
2 4
1 5
2 5
1 6
2 6
5 6
5 7
2 7
6 7
1 8
5 8
6 8
2 9
5 9
5 10
2 10
9 10
5 11
9 11
1 12
5 12
1 13
12 13
1 14
5 14
12 14
4 15
2 15
4 16
2 16
15 16
4 17
2 17
16 17
15 18
2 18
16 18
4 19
15 19
16 19
2 20
15 20
2 21
20 21
15 22
2 22
20 22
15 23
20 23
4 24
15 25
4 26
15 26
1 27
4 27
1 28
4 28
27 28
1 29
4 29
28 29
27 30
4 30
28 30
1 31
27 31
28 31
4 32
27 32
4 33
32 33
27 34
4 34
32 34
27 35
32 35
1 36
27 36
1 37
36 37
27 38
36 38
1 39
27 39
36 39
2 40
4 40
2 41
40 41
2 42
41 42
2 43
42 43
41 44
2 44
42 44
41 45
42 45
40 46
2 46
41 47
2 47
40 48
41 48
40 49
41 49
40 50
49 50
41 51
40 51
49 51
41 52
49 52
4 53
2 53
40 53
4 54
2 54
53 54
4 55
2 55
54 55
53 56
2 56
54 56
4 57
53 57
54 57
40 58
2 58
53 58
40 59
2 59
58 59
53 60
2 60
58 60
40 61
53 61
58 61
4 62
40 62
53 62
4 63
40 63
62 63
53 64
40 64
62 64
4 65
53 65
62 65
4 66
40 66
4 67
66 67
4 68
67 68
66 69
4 69
67 69
66 70
67 70
40 71
4 71
66 72
4 72
40 73
66 73
40 74
66 74
40 75
74 75
66 76
74 76
1 77
1 78
77 78
1 79
78 79
77 80
78 80
1 81
77 81
78 81
77 82
82 83
77 84
82 84
77 85
82 85
1 86
77 86
1 87
86 87
77 88
86 88
1 89
77 89
86 89
4 90
4 91
90 91
4 92
91 92
90 93
91 93
4 94
90 94
91 94
90 95
95 96
90 97
95 97
90 98
95 98
4 99
90 99
4 100
99 100
90 101
99 101
4 102
90 102
99 102
1 103
4 103
1 104
4 104
103 104
1 105
4 105
104 105
103 106
4 106
104 106
1 107
103 107
104 107
4 108
103 108
4 109
108 109
103 110
4 110
108 110
103 111
108 111
1 112
103 112
1 113
112 113
103 114
112 114
3 115
2 115
3 116
2 116
115 116
3 117
2 117
116 117
3 118
2 118
117 118
3 119
2 119
118 119
117 120
2 120
118 120
116 121
2 121
117 121
116 122
2 122
121 122
117 123
2 123
121 123
116 124
117 124
121 124
3 125
116 125
117 125
3 126
116 126
125 126
117 127
116 127
125 127
3 128
117 128
125 128
115 129
2 129
116 129
115 130
2 130
129 130
115 131
2 131
130 131
129 132
2 132
130 132
115 133
129 133
130 133
116 134
2 134
129 134
116 135
2 135
134 135
129 136
2 136
134 136
116 137
129 137
134 137
115 138
116 138
129 138
115 139
116 139
138 139
129 140
116 140
138 140
115 141
129 141
138 141
3 142
115 142
116 142
3 143
115 143
142 143
3 144
115 144
143 144
142 145
115 145
143 145
3 146
142 146
143 146
116 147
115 147
142 147
116 148
115 148
147 148
142 149
115 149
147 149
116 150
142 150
147 150
3 151
116 151
142 151
3 152
116 152
151 152
142 153
116 153
151 153
2 154
115 154
2 155
154 155
2 156
155 156
2 157
156 157
155 158
2 158
156 158
155 159
156 159
154 160
2 160
155 160
154 161
2 161
160 161
155 162
2 162
160 162
154 163
155 163
160 163
154 164
155 164
154 165
164 165
155 166
154 166
164 166
155 167
164 167
115 168
2 168
154 168
115 169
2 169
168 169
115 170
2 170
169 170
168 171
2 171
169 171
115 172
168 172
169 172
154 173
2 173
168 173
154 174
2 174
173 174
168 175
2 175
173 175
154 176
168 176
173 176
115 177
154 177
168 177
115 178
154 178
177 178
115 179
168 179
177 179
115 180
154 180
115 181
180 181
115 182
181 182
180 183
115 183
181 183
180 184
181 184
154 185
115 185
180 185
154 186
115 186
185 186
180 187
115 187
185 187
154 188
180 188
185 188
154 189
180 189
154 190
189 190
180 191
154 191
189 191
180 192
189 192
3 193
115 193
3 194
193 194
3 195
194 195
3 196
195 196
194 197
195 197
3 198
194 198
195 198
193 199
194 199
193 200
199 200
194 201
199 201
193 202
194 202
199 202
3 203
193 203
194 203
3 204
193 204
203 204
194 205
193 205
203 205
3 206
194 206
203 206
115 207
193 207
115 208
207 208
115 209
208 209
207 210
208 210
115 211
207 211
208 211
193 212
207 212
193 213
212 213
207 214
212 214
193 215
207 215
212 215
115 216
193 216
207 216
207 217
193 217
216 217
3 218
115 218
193 218
3 219
115 219
218 219
3 220
115 220
219 220
218 221
115 221
219 221
3 222
218 222
219 222
193 223
115 223
218 224
115 224
193 225
218 225
3 226
193 226
218 226
3 227
193 227
226 227
218 228
193 228
226 228
3 229
218 229
226 229
1 230
3 230
1 231
3 231
230 231
1 232
3 232
231 232
1 233
3 233
232 233
1 234
3 234
233 234
232 235
3 235
233 235
1 236
232 236
233 236
231 237
3 237
232 238
3 238
231 239
232 239
1 240
231 240
232 240
1 241
231 241
240 241
232 242
231 242
240 242
1 243
232 243
240 243
230 244
3 244
3 245
244 245
230 246
244 246
231 247
3 247
231 248
3 248
247 248
3 249
247 249
231 250
247 250
230 251
231 251
230 252
231 252
251 252
231 253
251 253
230 254
251 254
1 255
230 255
231 255
1 256
230 256
255 256
1 257
230 257
256 257
255 258
230 258
256 258
1 259
255 259
256 259
231 260
230 260
255 260
231 261
230 261
260 261
255 262
230 262
260 262
231 263
255 263
260 263
1 264
231 264
255 264
1 265
231 265
264 265
255 266
231 266
264 266
1 267
255 267
264 267
3 268
230 268
3 269
268 269
3 270
269 270
3 271
270 271
269 272
3 272
270 272
269 273
270 273
268 274
3 274
269 274
268 275
3 275
274 275
269 276
3 276
274 276
268 277
269 277
274 277
268 278
269 279
268 279
269 280
230 281
3 281
268 281
230 282
3 282
281 282
230 283
3 283
282 283
281 284
3 284
282 284
230 285
281 285
282 285
268 286
3 286
281 286
268 287
3 287
286 287
281 288
3 288
286 288
268 289
281 289
286 289
230 290
268 290
281 290
230 291
268 291
290 291
281 292
268 292
290 292
230 293
268 293
230 294
293 294
230 295
294 295
293 296
230 296
294 296
293 297
294 297
268 298
230 298
293 299
230 299
268 300
293 300
268 301
293 301
268 302
301 302
293 303
268 303
301 303
293 304
301 304
1 305
230 305
1 306
305 306
1 307
306 307
1 308
307 308
306 309
307 309
1 310
306 310
307 310
305 311
306 311
306 312
311 312
305 313
306 313
311 313
1 314
305 314
306 314
1 315
305 315
314 315
306 316
305 316
314 316
1 317
306 317
314 317
230 318
305 318
230 319
318 319
230 320
319 320
230 321
318 321
319 321
305 322
318 322
305 323
322 323
318 324
322 324
305 325
318 325
322 325
230 326
305 326
318 326
230 327
305 327
326 327
318 328
305 328
326 328
230 329
318 329
326 329
1 330
230 330
305 330
1 331
230 331
330 331
1 332
230 332
331 332
330 333
230 333
331 333
1 334
330 334
331 334
305 335
230 335
330 335
305 336
230 336
335 336
330 337
230 337
335 337
305 338
330 338
335 338
1 339
305 339
330 339
1 340
305 340
339 340
330 341
305 341
339 341
1 342
330 342
339 342
