10
110.606207 119.686468
314 173
210.919739 110.606207
119.686468 220.0
390.0 68.0
371.0 115.0
512.0 156.0
592.0 256.0
336 231
229 136
0 0 1 1 0 0 0 0 0 0 
0 0 0 1 0 1 1 0 0 0 
1 0 0 1 1 1 0 0 0 0 
1 1 1 0 0 0 0 0 0 1 
0 0 1 0 0 1 1 0 0 0 
0 1 1 0 1 0 1 0 1 0 
0 1 0 0 1 1 0 1 0 0 
0 0 0 0 0 0 1 0 0 0 
0 0 0 0 0 1 0 0 0 1 
0 0 0 1 0 0 0 0 1 0 

8
110.606207 119.686468
220.0 210.919739
210.919739 110.606207
119.686468 220.0
390.0 68.0
377.0 206.0
512 156
592 256
0 0 1 1 0 0 0 0 
0 0 0 1 0 0 1 0 
1 0 0 1 1 1 0 0 
1 1 1 0 0 0 0 0 
0 0 1 0 0 1 1 0 
0 0 1 0 1 0 1 0 
0 1 0 0 1 1 0 1 
0 0 0 0 0 0 1 0 


6
110.606207 119.686468
220.0 210.919739
210.919739 110.606207
119.686468 220.0
390 68
377 206
0 1 1 1 0 0 
1 0 0 1 0 0 
1 0 0 1 1 1 
1 1 1 0 0 0 
0 0 1 0 0 0 
0 0 1 0 0 0 


4
110.606207 119.686468
220.000000 210.919739
210.919739 110.606207
119.686468 220.000000
0 1 1 1 
1 0 1 1 
1 1 0 1 
1 1 1 0 

5
110.606207 119.686468
220.0 210.919739
210.919739 110.606207
119.686468 220.0
432 150
0 0 1 1 0 
0 0 1 1 1 
1 1 0 0 1 
1 1 0 0 0 
0 1 1 0 0 